From,To
type of ict competence,Age group
